version https://git-lfs.github.com/spec/v1
oid sha256:eaeb263c55e9a48ae1570d0d149e729f663541c601a9a46ae2fbea8b8eb9b65b
size 140145302
